# KNZ  download
f <- 17952
x <- 12664
p <- x / f
p

